$ANSIBLE_VAULT;1.1;AES256
64613765666661323963623732623034356161353733336135353936386665303637383637386365
6332343534396264613763386636316531636637613866390a363836363739623735373335623134
66353232643964656337343338386438323163663933363362316463656230356637663531373938
3633393564633437350a623232343733666430303162636133356333663436646534353931656635
35323138303337623135323539626631306337666163623038633339363664636331353330356265
30623931633733343532643132313632333737346266353565303362373331626563623566633330
33383834623531306336663632353463373462396661363838396266366530356466643930643937
32346665633335656565613530316334656534656333313434653938316164373238346639666534
62653338333262343666646661356135663761343935303732326536663765373466303732656162
39613436323138393532663836386464623437393230363234646239643331386438636437636436
30643135646536366630623564353138353165316565333730663339346332326665316566663163
39393064303964303864633635643039376434643833626365636161306131636236363362373261
36616532356238333936346564666232396432393064346462343661633039623739343538396466
31636532373765333235653131303031653430643239323762393130656531396335656635353439
66393262663161353834336465633231343738653332303931656539646534626333633962666633
34626132313134353966376632373738353531613430353333316266376464316633363834363933
61353466386532393034303962616136633838333961653232666465663637383633383639653437
64393965356364343761356237353331316266333362613037663835653233386637373338633931
36316438303332363737333230363539363733393135333463366237356264363735643136646238
37376363613566623430306335663261363032653039316537343961396238326133636330656136
65363635623661383934313436646264323333313537323739343164373763663330326234333866
36346634376262336233643962363135333463333261333131303332386537343131303338393332
37643365643065656535643532393166373361633739353932346664356631366234313064323263
66393032653237333535363038643130616232663833663163346465383532343238663531333864
38643431333138636136313938623536383661386235316534663436353065643262646565613436
35353834393431663533383361663133623231313832306538623266386234333138623735383764
30326333643633623139646433613834316336306236336661323035353539343830663963363464
63653338383238376637663838313536353662646537623434303038626466353530303666343164
32653465343163316635623233326633313935393638623436323437653032383463393861333935
37646537623130356265356436663438303732636362366464336264306334356533613732306662
65663037333930386137633032393536353066646130323035616234643335336232666232323964
39366233383164343632333861636665306230323862383366303230626136353433623962383132
63336661643339333436386264383939366535656433343737636535613231353338643263323138
33383038613038313538363666366265646562626662613432303030393739663735623662663036
33363633636266353161616638626139646666383530643938323362306439306330336335663433
39373230333165643132663366393730633738323762653931653766366231653635636265643361
61636434336135656239376237333136396263376633613732333531363064643433356539643637
31653333626332616138383465383538373334303637656661323131616338393031633066383535
64653736663965336132313131343864646466663039356435316336623166643432663466383837
38373532363766363561333266373737386331353261656534313761623532303736633237656364
31643865373134366430643634383238346333353734326464313962316636633238646466353663
66373236613731313538366239366664626235383465393137353937346636613563316339363936
39313761363938353230303865666136313138613531383539636662353465396662636664323530
39613861326564313962313439666161633737323035616561663333636164663538393030643733
37623465303631623632303566346439336365656365663135656463353731356165633939306635
64363836616565333765663231316435316663646466313330353135643862626236343339353261
34396639373461373838323539343962383663303833303562663636613837396530653930333662
36333532363333303534666165656563373830613761656334333433623630623638666233623762
37653562346364346234366139373635653464626635646339666631393236333962373731356363
36303837613661616234613362333932616130383163366264396362313533393864323639303835
39643431373933333039313832613562323932313933653932653937656366303164326132373866
62656539316630326331303439313061656531356533643464363863303439666263306463386561
63303131656138386638326132393737393439303330326535643035326530633562306238356533
33386436633833633136353536306262623934616635666666303530386564323235343737656161
61383862636134313739653462303330613737316365353036396337333334356565613230353634
62666439646331326435323534323732663463353838613034346361616133383662396565303263
32636166643637306561386262386235303633393330656463376138663065656665326333376566
38336164383430386439383463363733663331313737306466666137653562343461636465616535
33663662376333303637613834616466373833633238343931646161623262613434623236386537
35613639343364363165313961356434306563343030636331633535653537623161636364333162
36383261396630343937326639366366383936613238666666633138623131336164326636623832
66353631623261316666613364633636373761363731306436383831353234376432333562663564
30633636373836393966303138663931633761393731333666313337386439636162666531616430
62636461336265646432353833653230366532653364363864313465343663613530643030396361
64623033396235303434363934623734386430333538643365656665333636386264373965663266
39343637646263373065356630303664653066363634383634633133323338326566323963663537
32313631306162336236653465333831326262373230613137386238303536356435633431386338
63363333616235363965366663306237333138366637643664353961303536363639383130653764
31393036643336663461373533323131666234616665366530333963313934376565386631333237
32383531343231316362376534646334646461313366333239356235366138663730343235653036
37646535306435653936613232643135653931343835623364396135613764666566356565633934
61373333663132663032303033356433326139336566346364653764636366386536646332303362
63386232643732303630333138393236323235363934396366366130383233616236393366343035
66656436656331316530376333376533386231356465303963623064393737636436396565333336
33636664383462356337366139643731376330633239623533346433636531383061623735636464
62316433316331633664643531383832663439633334383461373966353366376635353136663836
66613432666666373364333339316333303463646661313538373662373237626637363132346539
38633166346134393938646431343362313133313963373166333066653133313261353139653065
30326639653162356233386130656532643138353836656534353561663036626635656336663163
64653130653037386263636462643733376637633063396163353835643039396437353464333135
37653830613039626332633363663364336166396132336639313362656630353664643932633364
33653332323035386538643163666236363263393662303163373663326562346262393732363138
33616461623931656362333061633265386139306633313239373263336330636461393336646630
66373634353265653032326265613936363766636264643163323834393663633462643333313136
65346333623238646534303666646366643533666635333666353939383437336336623034616633
32626236663737633566623665643632366133663963383836336536346538643230336565653063
30313635643738653634663530623764306331616131366134633866333165393839373737613363
66653462356134383433313037613232306661363165643639333632643936383433336162363131
31663264313261343562636465666536353863303537336161336635613331643437313161396639
34356136366434323539623963376661393133616235353730373766333236386630653263623330
63333730643066303235316364306532653762313666386261363135316434303930663533386663
63656632636661353731643464393936326633316133626632646537336435656561643963383833
30633432656438346438303934366330653537313361303533323138643964613739306637373630
31373832306465303966623434303033613466346139353066636466323038626164663266333434
32396135626239396230313038316236373262303363636335663532663463646637353237363165
63343231653131636234336435636664393130363261343664326639333634623336353731633933
37633765653139333531383266303337613533373963333336326534623238373266653331353964
63633431323331333365376162643631363765633865656165363832313063333332333734313264
61636530373865366136333066366562666634303861343137663565303938636661636535646431
37653732613932343466613236313762636133363038303331353838663537383230633861353135
39646166316537656436643861373765663635636165383738303066636639376536373666666166
34313434653934336266303130633839666139663431306665313939343230633736656662643932
37386566336338633734663830663130393162626330666132613336326338623036323361623264
34646636623866663066646331303439383433656632616333373238363861303232343833663831
64346637636266363462373936623035316565643361636436326230616638373232363062383461
30313464326133396263316637303861393930353031383239643561363033623037313830326261
64346134656633353833353131633262343161323831636464313764666632376133623335363534
36656236336433303832613333396235336164336266346134333361646538373531383739313539
65353635306136303335343662613263373031653531626331313830366533613634643135363931
39386238353138326633346532313638663566396439386234343261613132363232323661393762
65616338316532396338346239626164656466323062663066353133306233303434313137376433
62376234643139343137326462363431376534333335663537393565633731396363313034343062
34633063626133366262396665616663356433616262356165306438663363376134643064373235
33366465336332303466343432313432633733616632363133316266316533626530633266656335
31376432313339643132613065643537643339393839363034373033303334396666643439646432
32626166306439333863336131616261356337656563623332383439626135633164643037346336
30663462653139626364343061343835633231663639653034316235646237346638636233613635
33646564346532346433616564386566633266366138333437326438356265656135336237313534
66326431376364616236376332323465353861386235663363623763376562346132343061373164
38356332346336303534613962346130313235336333393838373566363432363566366166386538
39666335663131396461386637623232323164323761646339613364626363643234333736666661
37333531386461313337633939316634356331376261613331333935306561643632643739643035
37353630663563336135366634363533386334316562306432376333333030383232363331336531
62363637383663653364653163363131303032666630323737336337393066653530323634323966
35393132363135353335623966326433393464653737383037666565633833613234663839353530
37383339383438386634343930383165653361616662383962373133366238643036393764393961
65623261666538323531616665306135616236373933353237353638323032356666343065373965
63323431623130373630616661396365346565336562383534383036363837656439643862303464
63326230616536316266653833383333336463356663353230396264616632363235343261346431
35376339383232666139303565626662356439336338353562616661346462646565306361336464
36363230373566356637323133366133393966383831333833363531633039373431633738663036
36386133623065386237313463663763613735663438626161373761626338366238626661333333
35353333366237663032623963656435646634613562346534316231363062613234613630663636
62383366613763333236353162363430353664323666333035383230326632613639363030653464
65316466396439376336316265623865663332373835306639376564633762303337316564386466
36336131346561366538343739396136336134626565636264623335666661646463323630366438
31616366653734306362313065646630633161313065306164313131333666303965313163666634
38343938343364613934613764393936646538643462353033663435643862636262363537656633
61343130393734306663393262323930386232643932616465656634626335363831613039316564
34656238323631376163663939633461343334333232656564323739646263313732643439363462
63323466626638383331316136363237653766363432643131346537636461323861316632656638
61613561353439653934653439333035383537353336616230383033663134373965386137396563
33343335343837386364376630643935663634643934313633636165306533336466336266313737
64656331303735393265353838326565323766323334323031613862346463303963646538643233
65626334623964656438623965363835303631333630656339626136303430646263623361353433
38343137383261626533666165343435653263316265656261613061613663663565376634616331
34623361326365636338323335363738323537313465653166653161636161386638383631396165
39373963643236366661336664636237386432313566323465646435336161346338313861383731
34396463303666643262376536663035353636646636613734383038393666306239343164333031
31353664626633633536656434636537636536393562653262366334356364316265353435313233
65396333636161313635623431646466643461363833313366616564363836333265656362636239
63376434613564653133656361316234633430353939623638626335336236326235396333653132
30303965343264316538653933323137626632636435373032613632643435346138646464356565
34386332656334653664363066323665393435626531356634366137653863316662636236646337
37313936383364333138626564383966636538363432613864336533383635353665363137393033
31393930306261646434343631653939633430393462626331373364353432366664666633383137
32393437306164376137656534363136613065663466663437626339636664353562343631356330
38306263333562306130353938636532653436373734313238623239323535643634313562343735
38323362393861353530343636663533333339356534306161616133363162383933326337613939
33636538326361646561633038653035303937636335376262663564393532626331383062666462
32346266643832393461356165306666646536363534383161303062383136633933376130646530
37336139636665633064356138623738383238633464633365383963313162313234663361363336
62386337383535663730313233663131336539336632646266333137656361643862613531653830
36613639663165663936306639356532383230396330616464643261643837373564616134306131
32633464393164616636333665663438626435393763356531663537643237613337653435313762
38633439336633623436326164623562643039386435633962393435313164376436633862616266
61333465353737333566366134316265363435306663656235666363326264353862306633323730
65663636346665656230